

TERMINAL_NODES : [1 4 5 8]

EDGES : [ (1 2) 1 (1 3) 0  (1 4) 0  (1 5) 1  (1 6) 0  (1 7) 0  (1 8) 0  (1 9) 1  (1 10) 0
		          (2 3) 1  (2 4) 0  (2 5) 0  (2 6) 0  (2 7) 0  (2 8) 0  (2 9) 1  (2 10) 1
		  	 			   (3 4) 1  (3 5) 0  (3 6) 0  (3 7) 0  (3 8) 0  (3 9) 0  (3 10) 1
									(4 5) 0  (4 6) 0  (4 7) 0  (4 8) 1  (4 9) 0  (4 10) 1
									 		 (5 6) 1  (5 7) 0  (5 8) 0  (5 9) 1  (5 10) 0
													  (6 7) 1  (6 8) 0  (6 9) 1  (6 10) 0
															   (7 8) 1  (7 9) 1  (7 10) 1
															            (8 9) 0  (8 10) 1
															                     (9 10) 1 ]

WEIGHTS : [ (1 2) 1  (1 5) 1  (1 9) 1
		  (2 3) 1  (2 9) 1  (2 10) 1
		  (3 4) 1  (3 10) 1
		  (4 8) 1  (4 10) 1
		  (5 6) 1  (5 9) 1
		  (6 7) 1  (6 9) 1
		  (7 8) 1  (7 9) 1  (7 10) 1
		  (8 10) 1
	      (9 10) 1 ]
	      

POS : [[0 12]  [5 16] [10 16] [15 12] [0 4] [5 0] [10 0] [15 4] [5 8] [10 8]]